A.-

Beqna 1 40. II 290. 587. 1153. 391. 701. 111 58. 184. 223. 491.
583. 601. 644. 666. 71017125. 662. 801. V 21. 71 596. 71116.
18. 418. 431. 478. 562. VIII 47. 54. 108. 116. 275. 357. IX 309.
499. 537. X 50. 438. 508. 643. 111 472. XII 43. XIII 63. 266. 286.
408. 437. 524. 531. 654. 709. 728. 748. 820. XIV 3. 33. 38. 72.
363. XV 37. 303. 313. 535. XVI 75. 130. 152. 184. 204. 247. 249.
XVII 242. 347. 380. 542. 609. [cf. Aen. I 206. 244. 338. 346. 504.
620, alibi.]‚ nomina II 67111 71. IV 345. V 8. VII 233. IX 353.
545. X 30. XI 178. 2971111 115. 156. 330. XV 341. XVI 131. 283.
632. XVII 609, coynomina I 89. III 99. XVII 626, numina I 93.
118. VIII 46. X 346. XVII 131015611166611233111543.
VII 297. 310. VIII 78.]‚ habitus 1 100. XVII 443. 527, fala I 107.
115. 137. 268. 572. 599. II 224. 302. 364. 4251), 510. 514. III 7.
115. 207. IV 130. 135. 185. 255. 457. 508. 635. 731. 754. 76. 234.
675. 71 28. 116. 191. 313. 575. 659. 711 36. 224. 232. 307. 7111
5. 36. 38. 152. 158. 245. 531. 111 18. 61. 160. 260. 482. 548. X
57. 522. 658. XI 9. 123. 362. XII 46. 154. 202. XIII 170. 275. 298.
Ι504. 711. 793. XIV 85. 198. 552. 511. 629. 117 36. 184. 549. 781.
1171 131. 11711 229. 262. 374. 385. 436. 569, bella I 109. 272. 313.
346. 386. 405. 435. 6211) 630. 649. 686. 6941157. 113. 351.
423. 428. 452. 528. 111 83. 92. 165. 204. 606. 17 10. 357. 363. 372.
420. 657. 733. 780. 7 60. 107. 287. 499. 609. 71 65. 227. 641.
658. 659. 679. 711 13. 47. 60. 103. 325. 742. 492. 571. 597. 745.
7111 11. 19. 218. 250. 262. 275. 298. 356. 388. 409, 515. 598.Ι 111
12. 289. 573. 611. 647. 1158. 67. 172. 187. 256. 306. 369. 486.
600. XI 28. 125. 176. 216. 290. 328. 520. 582. XII 89. 151. 213.
289. 345. 484. 618. 652. 660. 703. 725. 11111452. 616. 634. 689.
740. 745. 828. 878.v 885. 111710. 157. 171. 295. 412. XV 6. 16.
131. 162. 184. 346. 358. 370. 462. 490. 517. 528. 682. 816. 1171 3.
10. 53. 77. 93. 179. 218. 611. 652. 700. XVII 11. 641, [cf. Aen. 1
48. II 439. 711 549. XII 33. 158. 390. 633 alibIJ, proelia I 266.
420. 424. 483. 11 134. 152. 518. 11166017 169. 217. 355. 425.
430. 671. V 85. 291. 443. 643. 71 241. 266. 286. 337. 504. VII
Ι 249. 273. 330. 498. 529. 568. 588. 620. 647. 661. VIII 36. 215.

300. 351. 663. IX 24. 175. 215. 233. 303. 387. 409. 419. 432. 438.
495. 524. 11 91. 234. 427601.111141.1111198.336.64411111
198. 206. 1117 367. 375. 519. 521. 544. 629. Χ7 154. 309. 381.
463. 582. 634. 667. 673. 729. XVI536. XVII 128. 317. 383. 397.
438. 446. 510. 521. 528. 571 [cf. Aen. v 375. 467. 493, saepius.]‚
puqnae 1 344. 537. 557. II 197. IV 100. 313. 393. 7315. 637. VII

1) 1ο. Schrader [Herm. XXIII 2 p. 211) pro ‚,beIlis“ ‚,cauris“ scriptum vult.

²) Si vera est librorum scriptura. *

 

